%16 may- tip test (wood, gorilla and cheetah) temp 18.3 
%pressure 1018.29 (1017.88 to 1019.07)

%the experimerntal data
blackFurTip10_45=[.107,.106,.107,.107,.107,.109,.109,.109,.109];
blackFurTip15_45=[.220,.224,.225,.228,.229,.229,.229,.232,.232];
blackFurTip20_45=[.373,.373,.372,.373,.371,.374,.372,.372,.372];
blackFurTip25_45=[.557,.557,.555,.555,.555,.554,.555,.556,.554];
blackFurTip30_45=[.750,.750,.752,.751,.750,.752,.751,.754,.752];

blackSprayTip10_45=[.109,.110,.111,.111,.111,.111,.111,.111,.111];
blackSprayTip15_45=[.231,.231,.232,.232,.232,.232,.233,.233,.233];
blackSprayTip20_45=[.386,.388,.388,.389,.390,.391,.389,.390,.391];
blackSprayTip25_45=[.613,.611,.609,.607,.606,.606,.604,.609,.609];
blackSprayTip30_45=[.815,.816,.815,.814,.815,.814,.815,.815,.814];

woodTip10_45=[.043,.043,.043,.043,.043,.043,.043,.043,.043];
woodTip15_45=[.099,.099,.098,.099,.100,.098,.098,.098,.098];
woodTip20_45=[.164,.164,.164,.163,.164,.165,.163,.162,.164];
woodTip25_45=[.251,.254,.251,.250,.248,.251,.250,.248,.249];
woodTip30_45=[.286,.289,.289,.287,.288,.286,.286,.285,.289];

cheetahTip10_45=[.136,.136,.135,.135,.135,.135,.135,.134,.134];
cheetahTip15_45=[.270,.270,.271,.272,.272,.272,.272,.273,.273];
cheetahTip20_45=[.427,.429,.428,.427,.427,.427,.428,.429,.427];
cheetahTip25_45=[.647,.649,.647,.648,.645,.646,.645,.648,.648];
cheetahTip30_45=[.848,.843,.843,.842,.841,.842,.842,.839,.838];

cheetahSprayTip10_45=[.136,.129,.134,.136,.135,.135,.138,.137,.138];
cheetahSprayTip15_45=[.287,.289,.288,.290,.290,.290,.291,.291,.291];
cheetahSprayTip20_45=[.463,.463,.462,.462,.462,.462,.462,.462,.461];
cheetahSprayTip25_45=[.716,.714,.713,.714,.714,.713,.711,.711,.713];
cheetahSprayTip30_45=[.935,.936,.939,.938,.938,.940,.937,.939,.939];