%16 may- tip test (wood, gorilla and cheetah) temp 18.3 
%pressure 1018.29 (1017.88 to 1019.07)

%the experimerntal data
blackFurTip10_60=[.065,.066,.064,.064,.066,.066,.066,.066,.066];
blackFurTip15_60=[.139,.139,.138,.138,.136,.136,.136,.136,.136];
blackFurTip20_60=[.239,.239,.239,.240,.240,.240,.240,.240,.240];
blackFurTip25_60=[.359,.359,.359,.359,.360,.361,.360,.361,.361];
blackFurTip30_60=[.497,.498,.498,.498,.500,.500,.500,.500,.501];

blackSprayTip10_60=[.075,.076,.072,.071,.075,.075,.075,.075,.074];
blackSprayTip15_60=[.158,.159,.159,.159,.160,.160,.160,.160,.161];
blackSprayTip20_60=[.266,.266,.266,.266,.267,.268,.268,.269,.269];
blackSprayTip25_60=[.390,.389,.389,.387,.387,.387,.390,.391,.391];
blackSprayTip30_60=[.538,.542,.540,.541,.542,.541,.542,.543,.540];

woodTip10_60=[.020,.020,.020,.020,.020,.020,.020,.020,.020];
woodTip15_60=[.046,.046,.046,.046,.046,.045,.046,.045,.045];
woodTip20_60=[.079,.078,.078,.078,.078,.078,.079,.077,.078];
woodTip25_60=[.120,.120,.120,.122,.122,.121,.121,.122,.122];
woodTip30_60=[.173,.172,.175,.173,.173,.175,.175,.173,.175];

cheetahTip10_60=[.095,.095,.096,.097,.096,.096,.096,.096,.097];
cheetahTip15_60=[.186,.188,.189,.189,.189,.190,.190,.191,.191];
cheetahTip20_60=[.289,.289,.289,.289,.289,.289,.289,.289,.290];
cheetahTip25_60=[.452,.452,.450,.450,.450,.450,.452,.451,.451];
cheetahTip30_60=[.589,.587,.587,.589,.586,.585,.585,.585,.585];

cheetahSprayTip10_60=[.102,.103,.103,.103,.103,.104,.102,.102,.101];
cheetahSprayTip15_60=[.212,.214,.213,.213,.213,.213,.213,.213,.212];
cheetahSprayTip20_60=[.346,.345,.344,.345,.344,.343,.343,.343,.342];
cheetahSprayTip25_60=[.530,.532,.532,.531,.531,.532,.531,.530,.532];
cheetahSprayTip30_60=[.708,.709,.709,.707,.706,.709,.709,.709,.707];