%16 may- tip test (wood, gorilla and cheetah) temp 18.3 
%pressure 1018.29 (1017.88 to 1019.07)

%the experimerntal data
blackFurTip10_0=[.155,.155,.155,.155,.156,.156,.156,.156,.156];
blackFurTip15_0=[.321,.322,.320,.321,.320,.321,.321,.323,.321];
blackFurTip20_0=[.522,.524,.522,.523,.522,.522,.521,.521,.522];
blackFurTip25_0=[.804,.808,.802,.805,.802,.805,.802,.805,.804];
blackFurTip30_0=[1.053,1.059,1.049,1.054,1.051,1.049,1.051,1.049,1.051];

blackSprayTip10_0=[.171,.170,.169,.167,.173,.176,.176,.177,.178];
blackSprayTip15_0=[.360,.357,.359,.357,.359,.359,.361,.359,.360];
blackSprayTip20_0=[.600,.599,.600,.598,.597,.596,.596,.596,.597];
blackSprayTip25_0=[.908,.908,.910,.905,.907,.908,.910,.907,.910];
blackSprayTip30_0=[1.159,1.158,1.152,1.152,1.153,1.152,1.149,1.153,1.151];

woodTip10_0=[.055,.055,.055,.055,.055,.055,.055,.055,.055];
woodTip15_0=[.125,.124,.121,.124,.123,.122,.123,.122,.122];
woodTip20_0=[.217,.216,.218,.219,.218,.219,.217,.220,.218];
woodTip25_0=[.365,.367,.371,.368,.371,.369,.370,.371,.369];
woodTip30_0=[.481,.482,.480,.483,.485,.485,.483,.484,.482];

cheetahTip10_0=[.229,.229,.231,.229,.230,.229,.228,.230,.230];
cheetahTip15_0=[.449,.448,.451,.446,.444,.445,.443,.445,.443];
cheetahTip20_0=[.715,.713,.716,.713,.709,.709,.709,.713,.714];
cheetahTip25_0=[1.060,1.054,1.053,1.051,1.053,1.047,1.048,1.049,1.041];
cheetahTip30_0=[1.376,1.375,1.369,1.370,1.365,1.367,1.362,1.364,1.359];

cheetahSprayTip10_0=[.245,.246,.246,.246,.245,.246,.246,.246,.246];
cheetahSprayTip15_0=[.488,.490,.489,.490,.489,.492,.490,.492,.492];
cheetahSprayTip20_0=[.786,.789,.787,.789,.788,.789,.789,.788,.790];
cheetahSprayTip25_0=[1.121,1.117,1.117,1.119,1.116,1.117,1.119,1.115,1.113];
cheetahSprayTip30_0=[1.465,1.464,1.461,1.463,1.459,1.458,1.461,1.465,1.459];