%16 may- tip test (wood, gorilla and cheetah) temp 18.3 
%pressure 1018.29 (1017.88 to 1019.07)

%the experimerntal data
blackFurTip10_15=[.145,.145,.141,.145,.142,.144,.144,.145,.143];
blackFurTip15_15=[.298,.300,.301,.301,.301,.300,.300,.301,.299];
blackFurTip20_15=[.499,.500,.498,.498,.497,.495,.493,.496,.495];
blackFurTip25_15=[.726,.725,.725,.724,.723,.716,.721,.723,.724];
blackFurTip30_15=[.972,.970,.974,.975,.974,.976,.981,.976,.977];

blackSprayTip10_15=[.153,.154,.154,.154,.156,.156,.156,.157,.157];
blackSprayTip15_15=[.326,.325,.326,.327,.326,.325,.326,.327,.327];
blackSprayTip20_15=[.555,.554,.555,.556,.554,.557,.557,.558,.560];
blackSprayTip25_15=[.856,.853,.852,.853,.853,.851,.852,.851,.854];
blackSprayTip30_15=[1.132,1.128,1.132,1.135,1.133,1.133,1.131,1.139,1.132];

woodTip10_15=[.063,.062,.061,.062,.063,.062,.063,.063,.062];
woodTip15_15=[.146,.147,.147,.148,.148,.148,.149,.148,.149];
woodTip20_15=[.297,.300,.298,.298,.302,.300,.297,.298,.300];
woodTip25_15=[.472,.473,.475,.473,.472,.475,.473,.473,.474];
woodTip30_15=[.633,.639,.642,.640,.642,.642,.646,.645,.645];

cheetahTip10_15=[.220,.221,.221,.221,.222,.222,.222,.222,.222];
cheetahTip15_15=[.433,.432,.433,.431,.435,.433,.435,.432,.435];
cheetahTip20_15=[.702,.701,.702,.708,.702,.700,.701,.703,.701];
cheetahTip25_15=[1.000,1.000,1.002,0.999,0.999,1.001,1.001,0.998,0.996];
cheetahTip30_15=[1.297,1.295,1.301,1.299,1.300,1.296,1.294,1.291,1.295];

cheetahSprayTip10_15=[.222,.221,.222,.222,.223,.223,.223,.223,.223];
cheetahSprayTip15_15=[.449,.448,.451,.449,.450,.452,.450,.451,.450];
cheetahSprayTip20_15=[.720,.725,.723,.720,.722,.721,.718,.718,.719];
cheetahSprayTip25_15=[1.074,1.073,1.071,1.073,1.071,1.073,1.072,1.070,1.072];
cheetahSprayTip30_15=[1.382,1.384,1.380,1.389,1.381,1.385,1.387,1.380,1.385];