%16 may- tip test (wood, gorilla and cheetah) temp 18.3 
%pressure 1018.29 (1017.88 to 1019.07)

%the experimental data
calibrationTip10=[.003,.003,.003,.003,.003,.003,.003,.003,.003];
calibrationTip15=[.008,.008,.008,.009,.009,.009,.009,.009,.009];
calibrationTip20=[.018,.018,.018,.018,.018,.018,.018,.018,.018];
calibrationTip25=[.032,.031,.031,.031,.031,.030,.032,.032,.032];
calibrationTip30=[.047,.046,.048,.049,.048,.048,.048,.048,.048];