%16 may- tip test (wood, gorilla and cheetah) temp 18.3 
%pressure 1018.29 (1017.88 to 1019.07)

%the experimerntal data
blackFurTip10_30=[.125,.126,.126,.126,.126,.126,.125,.126,.127];
blackFurTip15_30=[.254,.256,.258,.259,.260,.260,.259,.260,.260];
blackFurTip20_30=[.423,.425,.424,.424,.424,.425,.425,.426,.427];
blackFurTip25_30=[.671,.673,.673,.675,.677,.678,.676,.675,.673];
blackFurTip30_30=[.896,.890,.889,.889,.887,.890,.887,.885,.884];

blackSprayTip10_30=[.134,.134,.134,.134,.134,.134,.134,.134,.134];
blackSprayTip15_30=[.284,.284,.284,.285,.284,.285,.286,.286,.286];
blackSprayTip20_30=[.475,.473,.472,.469,.469,.468,.467,.466,.469];
blackSprayTip25_30=[.749,.748,.749,.748,.748,.750,.750,.747,.748];
blackSprayTip30_30=[.995,.993,.995,.994,.996,.995,.992,.992,.996];

woodTip10_30=[.056,.056,.057,.058,.056,.056,.055,.055,.055];
woodTip15_30=[.135,.135,.136,.135,.136,.136,.136,.136,.137];
woodTip20_30=[.235,.235,.234,.235,.236,.236,.236,.235,.236];
woodTip25_30=[.352,.354,.352,.350,.351,.352,.350,.350,.350];
woodTip30_30=[.495,.496,.494,.491,.493,.494,.493,.493,.494];

cheetahTip10_30=[.194,.195,.195,.195,.195,.195,.195,.194,.197];
cheetahTip15_30=[.386,.386,.388,.388,.389,.389,.390,.391,.392];
cheetahTip20_30=[.619,.619,.617,.618,.619,.617,.618,.618,.618];
cheetahTip25_30=[.888,.884,.882,.884,.881,.881,.880,.881,.880];
cheetahTip30_30=[1.197,1.195,1.188,1.190,1.189,1.188,1.190,1.188,1.188];

cheetahSprayTip10_30=[.175,.175,.172,.172,.172,.172,.171,.171,.172];
cheetahSprayTip15_30=[.375,.374,.376,.377,.380,.377,.379,.380,.379];
cheetahSprayTip20_30=[.603,.605,.604,.602,.603,.603,.602,.603,.602];
cheetahSprayTip25_30=[.900,.902,.901,.899,.896,.898,.899,.899,.898];
cheetahSprayTip30_30=[1.175,1.169,1.170,1.170,1.169,1.170,1.172,1.177,1.180];